-9.25596e+61
-9.25596e+61
-9.25596e+61
0.003
0
0
0
0
0
0
0
0
0
0
0
0
0
0
0
0
0
0
0
0
0
0
0
0
0
0
0
0.001
0
0
0
0
0
0
0
0
0
0
0.001
0
0
0
0
0
0.001
0
0
0
0
0.001
0.001
0.001
0
0
0
0.001
0
0
0.001
0
0.001
0
0.001
0
0.001
0
0.001
0
0
0
0.001
0
0.001
0.001
0
0.001
0
0.001
0.001
0.001
0.001
0.001
0
0.001
0.001
0.001
0
0.001
0.002
0.001
0.001
0.001
0.001
0.002
0.001
0.001
0.002
0.001
0.001
0.001
0.002
0.001
0.002
0.003
0.001
0.002
0.002
0.002
0.001
0.001
0.002
0.001
0.002
0.002
0.001
0.002
0.002
0.002
0.002
0.002
0.003
0.002
0.002
0.003
0.003
0.003
0.002
0.003
0.004
0.003
0.003
0.004
0.006
0.006
0.006
0.005
0.005
0.004
0.003
0.004
0.003
0.004
0.005
0.004
0.003
0.005
0.004
0.004
0.004
0.004
0.005
0.004
0.004
0.004
0.004
0.005
0.005
0.008
0.007
0.005
0.007
0.005
0.01
0.01
0.01
0.007
0.006
0.006
0.007
0.006
0.006
0.008
0.007
0.008
0.007
0.007
0.006
0.007
0.006
0.008
0.008
0.008
0.007
0.008
0.009
0.007
0.009
0.011
0.012
0.009
0.009
0.012
0.01
0.009
0.009
0.011
0.01
0.016
0.009
0.01
0.01
0.01
0.01
0.011
0.011
0.013
0.011
0.012
0.012
0.011
0.011
0.012
0.016
0.011
0.012
0.012
0.013
0.014
0.016
0.014
0.017
0.019
0.013
0.014
0.014
0.016
0.014
0.015
0.014
0.02
0.015
0.015
0.017
0.018
0.017
0.021
0.017
0.016
0.017
0.017
0.017
0.02
0.017
0.019
0.018
0.024
0.02
0.025
0.019
0.026
0.019
0.02
0.02
0.022
0.039
0.033
0.02
0.021
0.02
0.021
0.022
0.034
0.022
0.025
0.023
0.027
0.023
0.023
0.025
0.026
0.034
0.029
0.024
0.026
0.025
0.025
0.026
0.031
0.027
0.026
0.027
0.027
0.029
0.029
0.028
0.031
0.032
0.03
0.03
0.034
0.031
0.034
0.035
0.034
0.033
0.033
0.033
0.033
0.034
0.037
0.037
0.035
0.038
0.037
0.035
0.037
0.065
0.037
0.037
0.045
0.043
0.039
0.038
0.04
0.039
0.043
0.044
0.041
0.049
0.041
0.048
0.045
0.048
0.043
0.041
0.05
0.048
0.046
0.048
0.052
0.044
0.048
0.052
0.046
0.047
0.048
0.077
0.05
0.055
0.059
0.051
0.052
0.054
0.06
0.053
0.052
0.053
0.057
0.055
0.059
0.067
0.059
0.057
0.06
0.06
0.061
0.06
0.061
0.063
0.066
0.083
0.061
0.063
0.067
0.068
0.066
0.074
0.065
0.067
0.068
0.072
0.07
0.077
0.068
0.069
0.08
0.072
0.078
0.08
0.086
0.074
0.083
0.077
0.087
0.082
0.076
0.082
0.081
0.082
0.079
0.084
0.083
0.08
0.085
0.09
0.087
0.093
0.101
0.087
0.097
0.088
0.09
0.091
0.091
0.094
0.094
0.097
0.096
0.101
0.094
0.095
0.112
0.119
0.098
0.1
0.105
0.103
0.101
0.103
0.105
0.104
0.106
0.11
0.117
0.11
0.126
0.111
0.11
0.119
0.117
0.109
0.121
0.116
0.117
0.113
0.125
0.118
0.125
0.135
0.126
0.126
0.126
0.127
0.125
0.132
0.132
0.132
0.139
0.129
0.15
0.137
0.145
0.139
0.139
0.134
0.15
0.14
0.137
0.137
0.147
0.167
0.148
0.144
0.155
0.153
0.15
0.158
0.156
0.157
0.176
0.155
0.164
0.158
0.164
0.157
0.167
0.17
0.166
0.161
0.181
0.167
0.174
0.174
0.172
0.174
0.179
0.18
0.175
0.177
0.187
0.181
0.179
0.185
0.188
0.188
0.197
0.218
0.189
0.198
0.202
0.198
0.205
0.211
0.22
0.207
0.202
0.206
0.204
0.206
0.221
0.231
0.217
0.219
0.215
0.22
0.224
0.239
0.22
0.23
0.229
0.23
0.23
0.234
0.257
0.242
0.232
0.235
0.237
0.242
0.252
0.244
0.242
0.26
0.241
0.26
0.267
0.26
0.257
0.253
0.254
0.264
0.289
0.261
0.274
0.267
0.268
0.273
0.298
0.277
0.275
0.29
0.278
0.307
0.282
0.283
0.286
0.283
0.318
0.292
0.296
0.295
0.299
0.333
0.299
0.303
0.305
0.354
0.315
0.309
0.312
0.338
0.315
0.312
0.326
0.328
0.355
0.321
0.326
0.329
0.329
0.358
0.329
0.345
0.345
0.363
0.346
0.355
0.351
0.368
0.354
0.352
0.357
0.392
0.357
0.362
0.361
0.394
0.364
0.367
0.367
0.396
0.371
0.389
0.437
0.377
0.408
0.384
0.402
0.388
0.42
0.397
0.395
0.398
0.403
0.44
0.403
0.415
0.44
0.415
0.415
0.419
0.453
0.42
0.425
0.432
0.456
0.433
0.445
0.442
0.475
0.438
0.452
0.448
0.492
0.449
0.459
0.467
0.465
0.532
0.465
0.504
0.469
0.473
0.497
0.479
0.483
0.482
0.514
0.488
0.496
0.489
0.526
0.493
0.499
0.53
0.502
0.519
0.533
0.517
0.525
0.542
0.529
0.519
0.54
0.556
0.529
0.53
0.538
0.569
0.543
0.55
0.564
0.56
0.558
0.569
0.569
0.577
0.568
0.595
0.586
0.58
0.597
0.579
0.591
0.632
0.642
0.644
0.592
0.632
0.631
0.602
0.652
0.61
0.616
0.632
0.621
0.625
0.652
0.64
0.66
0.633
0.656
0.643
0.646
0.642
0.673
0.656
0.653
0.716
0.655
0.686
0.663
0.67
0.708
0.679
0.69
0.715
0.688
0.68
0.714
0.697
0.724
0.718
0.73
0.763
0.757
0.763
0.748
0.76
0.762
0.75
0.772
0.797
0.781
0.77
0.806
0.779
0.815
0.785
0.793
0.816
0.8
0.817
0.802
0.818
0.81
0.83
0.811
0.848
0.825
0.82
0.873
0.836
0.877
0.893
0.859
0.848
0.912
0.861
0.859
0.896
0.857
0.889
0.877
0.902
0.911
0.884
0.899
0.898
0.904
0.894
0.972
0.913
0.934
0.922
0.965
0.935
0.955
0.933
0.966
0.944
0.937
0.98
0.975
0.992
0.952
0.993
0.974
0.972
0.988
0.996
1.006
0.972
0.984
1.034
1.002
0.995
1.01
1.018
1.033
1.022
1.055
1.065
1.034
1.062
1.041
1.071
1.043
1.094
1.044
1.08
1.072
1.069
1.094
1.076
1.095
1.109
1.091
1.122
1.103
1.1
1.131
1.102
1.153
1.113
1.146
1.135
1.11
1.17
1.155
1.186
1.16
1.162
1.169
1.156
1.189
1.162
1.185
1.171
1.212
1.23
1.236
1.211
1.2
1.232
1.21
1.275
1.338
1.267
1.23
1.243
1.243
1.241
1.267
1.274
1.266
1.256
1.279
1.274
1.312
1.285
1.287
1.299
1.329
1.29
1.393
1.304
1.321
1.326
1.313
1.325
1.343
1.369
1.354
1.344
1.35
1.403
1.371
1.377
1.358
1.383
1.413
1.368
1.393
1.396
1.419
1.397
1.432
1.404
1.452
1.475
1.424
1.44
1.423
1.459
1.446
1.488
1.474
1.503
1.498
1.493
1.481
1.543
1.524
1.487
1.515
1.54
1.541
1.506
1.517
1.555
1.546
1.549
1.548
1.571
1.567
1.56
1.543
1.659
1.584
1.608
1.612
1.623
1.635
1.592
1.634
1.642
1.62
1.607
1.697
1.653
1.751
1.675
1.669
1.676
1.665
1.699
1.678
1.735
1.719
1.705
1.721
1.739
1.735
1.759
1.7
1.725
1.714
1.759
1.762
1.786
1.775
1.796
1.758
1.836
1.784
1.798
1.824
1.8
1.802
1.852
1.854
1.813
1.906
1.866
1.89
1.839
1.896
1.891
1.917
1.926
1.9
1.887
1.876
1.921
1.903
1.902
1.928
1.955
1.918
1.952
1.983
1.969
2.106
2.074
2.059
2.061
2.019
2.028
2.114
2.104
2.09
2.124
2.129
2.144
2.147
