-9.25596e+61
-9.25596e+61
-9.25596e+61
0
0
0
0
0
0
0
0
0
0.001
0
0
0
0
0
0
0
0
0
0
0
0
0
0
0
0
0
0
0
0
0
0
0.001
0
0
0.001
0
0
0
0.001
0.001
0.001
0
0.001
0
0.001
0.001
0
0
0
0
0.001
0.002
0.001
0.001
0.001
0.001
0.001
0.001
0.001
0.001
0.001
0.001
0.001
0.002
0.002
0.001
0.002
0.002
0.002
0.001
0.001
0.002
0.002
0.002
0.003
0.003
0.003
0.002
0.003
0.003
0.003
0.003
0.003
0.003
0.004
0.004
0.003
0.003
0.004
0.004
0.004
0.004
0.005
0.004
0.005
0.004
0.005
0.005
0.005
0.005
0.006
0.006
0.005
0.006
0.006
0.006
0.006
0.007
0.007
0.007
0.008
0.007
0.008
0.008
0.008
0.009
0.008
0.009
0.009
0.008
0.01
0.01
0.01
0.01
0.01
0.01
0.011
0.01
0.012
0.012
0.012
0.012
0.013
0.013
0.013
0.014
0.013
0.014
0.014
0.014
0.015
0.015
0.016
0.015
0.017
0.017
0.018
0.017
0.017
0.018
0.018
0.019
0.019
0.019
0.02
0.023
0.02
0.021
0.021
0.022
0.022
0.022
0.022
0.024
0.025
0.024
0.025
0.025
0.025
0.026
0.026
0.028
0.027
0.028
0.028
0.029
0.029
0.029
0.032
0.031
0.031
0.031
0.031
0.032
0.033
0.034
0.034
0.035
0.035
0.037
0.037
0.037
0.037
0.038
0.038
0.04
0.041
0.041
0.042
0.042
0.043
0.043
0.044
0.044
0.046
0.045
0.046
0.047
0.048
0.049
0.049
0.051
0.051
0.051
0.051
0.052
0.054
0.056
0.055
0.054
0.056
0.057
0.057
0.059
0.06
0.06
0.06
0.062
0.063
0.066
0.065
0.065
0.065
0.069
0.068
0.068
0.071
0.069
0.071
0.076
0.072
0.074
0.08
0.076
0.078
0.078
0.08
0.08
0.079
0.083
0.084
0.083
0.087
0.085
0.094
0.088
0.089
0.095
0.091
0.092
0.092
0.096
0.095
0.097
0.098
0.103
0.1
0.105
0.1
0.104
0.104
0.106
0.106
0.109
0.112
0.111
0.113
0.114
0.115
0.115
0.118
0.117
0.122
0.123
0.122
0.126
0.125
0.126
0.127
0.128
0.133
0.131
0.131
0.134
0.134
0.133
0.139
0.144
0.142
0.146
0.147
0.146
0.146
0.151
0.154
0.156
0.156
0.158
0.16
0.161
0.162
0.172
0.166
0.166
0.167
0.169
0.17
0.174
0.175
0.177
0.176
0.177
0.183
0.183
0.185
0.186
0.189
0.196
0.192
0.196
0.195
0.197
0.202
0.205
0.209
0.206
0.205
0.21
0.209
0.218
0.217
0.215
0.224
0.223
0.219
0.223
0.229
0.231
0.23
0.228
0.238
0.24
0.247
0.24
0.24
0.245
0.251
0.252
0.253
0.26
0.258
0.26
0.262
0.269
0.27
0.269
0.277
0.276
0.278
0.278
0.281
0.283
0.283
0.296
0.291
0.293
0.296
0.295
0.306
0.303
0.307
0.313
0.311
0.316
0.315
0.316
0.322
0.33
0.322
0.331
0.336
0.34
0.343
0.341
0.341
0.354
0.355
0.35
0.362
0.369
0.359
0.361
0.366
0.372
0.371
0.377
0.378
0.384
0.381
0.388
0.398
0.403
0.401
0.398
0.424
0.405
0.42
0.419
0.421
0.426
0.419
0.428
0.424
0.431
0.445
0.438
0.446
0.456
0.447
0.46
0.468
0.461
0.48
0.468
0.487
0.476
0.508
0.485
0.495
0.51
0.499
0.519
0.52
0.504
0.526
0.506
0.52
0.531
0.531
0.544
0.545
0.55
0.556
0.575
0.576
0.562
0.568
0.565
0.563
0.6
0.593
0.578
0.594
0.595
0.597
0.593
0.6
0.611
0.615
0.616
0.629
0.64
0.632
0.66
0.628
0.668
0.64
0.639
0.648
0.661
0.67
0.671
0.681
0.673
0.681
0.686
0.689
0.705
0.72
0.711
0.718
0.74
0.73
0.727
0.728
0.753
0.745
0.747
0.745
0.777
0.761
0.77
0.775
0.79
0.789
0.786
0.8
0.823
0.82
0.83
0.818
0.841
0.827
0.845
0.855
0.847
0.864
0.87
0.869
0.876
0.872
0.889
0.917
0.886
0.893
0.93
0.894
0.908
0.952
0.946
0.947
0.948
0.953
0.942
0.989
0.995
0.971
0.96
0.989
0.993
0.997
0.989
1.012
1.019
1.007
1.025
1.044
1.175
1.082
1.053
1.121
1.058
1.1
1.094
1.095
1.113
1.098
1.107
1.111
1.121
1.145
1.126
1.136
1.158
1.154
1.174
1.185
1.167
1.187
1.169
1.201
1.223
1.209
1.231
1.25
1.254
1.237
1.265
1.262
1.287
1.272
1.289
1.277
1.311
1.291
1.322
1.321
1.337
1.358
1.331
1.361
1.362
1.406
1.368
1.365
1.401
1.521
1.42
1.397
1.444
1.47
1.476
1.46
1.473
1.464
1.517
1.481
1.491
1.492
1.543
1.527
1.521
1.561
1.6
1.602
1.577
1.62
1.605
1.602
1.606
1.646
1.624
1.634
1.63
1.676
1.671
1.684
1.663
1.706
1.702
1.693
1.737
1.714
1.721
1.739
1.805
1.752
1.777
1.826
1.785
1.797
1.807
1.86
1.813
1.841
1.897
1.822
1.912
1.899
1.913
1.884
1.954
1.918
1.976
1.96
1.995
1.979
1.994
2.012
2.032
2.031
2.052
2.058
2.077
2.106
2.132
2.044
2.108
2.139
2.213
2.192
2.179
2.254
2.199
2.211
2.275
2.248
2.257
2.274
2.301
2.306
2.266
2.327
2.329
2.318
2.387
2.357
2.343
2.408
2.388
2.424
2.36
2.328
2.388
2.352
2.482
2.405
2.392
2.407
2.415
2.417
2.443
2.464
2.457
2.429
2.501
2.493
2.515
2.505
2.541
2.585
2.528
2.542
2.576
2.606
2.629
2.635
2.686
2.662
2.687
2.696
2.678
2.746
2.721
2.759
2.751
2.755
2.729
2.752
2.856
2.816
2.893
2.776
2.787
2.818
2.917
2.842
2.918
2.856
2.951
2.975
3.012
2.927
2.942
2.986
3.032
2.996
3.052
3.01
2.974
3.052
3.034
3.057
3.099
3.14
3.134
3.216
3.149
3.119
3.143
3.238
3.242
3.239
3.238
3.204
3.294
3.358
3.309
3.346
3.288
3.344
3.304
3.318
3.386
3.383
3.411
3.401
3.462
3.457
3.463
3.496
3.486
3.443
3.599
3.684
4.121
3.612
3.569
3.623
3.607
3.708
3.734
3.687
3.769
3.702
3.726
3.719
3.817
3.833
3.76
3.802
3.824
3.823
3.776
3.877
3.878
3.982
3.988
3.964
3.953
3.955
3.997
4.046
3.971
4.09
4.133
4.02
4.115
4.164
4.208
4.168
4.177
4.243
4.185
4.211
4.232
4.307
4.246
4.291
4.332
4.352
4.331
4.416
4.455
4.294
4.477
4.434
4.48
4.487
4.512
4.403
4.595
4.576
4.611
4.684
4.603
4.667
4.543
4.668
4.724
4.78
4.766
4.804
4.808
4.759
4.84
4.972
4.868
4.804
4.849
4.88
4.979
5.033
5.051
4.894
5.067
5.095
5.14
5.22
5.109
5.168
5.229
5.153
5.322
5.552
5.294
5.392
5.324
5.387
5.269
5.385
5.401
5.426
5.364
5.544
5.646
5.505
5.561
5.444
5.619
5.749
5.713
5.591
5.634
5.613
5.621
5.711
5.718
5.796
5.632
5.926
5.786
5.896
6.044
5.893
6.035
5.953
5.921
6.011
5.916
5.928
6.168
6.219
6.194
6.159
6.279
6.191
6.264
6.355
6.341
6.486
6.406
6.309
6.617
6.446
6.457
6.561
6.508
6.552
6.61
6.782
6.689
6.74
6.7
6.766
6.84
6.836
6.767
6.592
6.963
6.851
6.921
7.077
6.891
6.934
6.925
7.123
7.025
7.012
7.229
7.341
7.177
7.382
7.389
7.38
7.463
7.325
7.523
7.444
7.424
7.656
7.383
7.408
7.69
8.523
7.531
7.704
7.708
7.652
7.901
7.852
7.738
7.828
7.879
7.937
8.067
7.759
8.001
7.766
7.958
8.064
7.934
8.048
8.028
7.846
8.134
8.327
8.157
8.132
8.366
8.256
8.429
8.338
8.23
8.464
8.372
